1.1.9
10
1
65280
0.20
1
60
-
estrada
5
1
0
1
-
bus
5
0
0
1
-
ceu
5
1
0
1
-
muro1
5
0
0
1
estrada1.jpg
estrada1
5
0
0
1
bus.png
bus
5
0
0
1
-
carro2-e
5
0
0
1
carro2-d.png
carro2-d
5
0
0
1
-
pontua
5
0
0
1
-
titulo
5
0
0
1
-
ganhou
5
0
0
1
alunos2.png
alunos2
5
0
0
1
-
numeros-8x8
5
1
0
1
arvore.png
arvore
5
1
0
1
paragem.png
paragem
5
1
0
1
buraco.png
buraco
5
0
0
1
gas.png
gas
5
0
0
1
arbusto.png
arbusto
5
0
0
1
alunos1.png
alunos1
5
0
0
1
aluno2.png
aluno2
5
0
0
1
aluno3.png
aluno3
5
0
0
1
aluno1.png
aluno1
5
0
0
1
carro3-d.png
carro3-d
5
0
0
1
carro1-d.png
carro1-d
5
0
0
1
carro2-dAV.png
carro2-dAV
5
0
0
1
carro1-dAV.png
carro1-dAV
5
0
0
1
carro3-dAV.png
carro3-dAV
5
0
0
1
bus-AV.png
bus-AV
5
0
0
1
ganhou.jpg
ganhou
5
0
0
1
perdeu.png
perdeu
5
0
0
1
pontos.jpg
pontos
5
0
0
1
titulo.jpg
titulo
5
0
0
1
instrucoes.jpg
instrucoes
5
0
0
1
-
In-anima
5
0
1
3
oferta.jpg
oferta
5
0
0
1
mancha.png
mancha
5
0
0
1
EPM-hdu.png
EPM-hdu
5
0
0
1
-
estrada1f
5
0
0
1
estrada1-3.jpg
estrada1-3
5
0
0
1
estrada1-2.jpg
estrada1-2
5
0
0
1
muro1.png
muro1
5
0
0
1
muro1-2.png
muro1-2
5
0
0
1
muro1-3.png
muro1-3
5
0
0
1
roda.png
roda
5
0
0
1
carro4-d.png
carro4-d
5
0
0
1
carro4-dAV.png
carro4-dAV
5
0
0
1
carro5-d.png
carro5-d
5
0
0
1
carro5-dAV.png
carro5-dAV
5
0
0
1
carro6-d.png
carro6-d
5
0
0
1
carro6-dAV.png
carro6-dAV
5
0
0
1
carro7-d.png
carro7-d
5
0
0
1
carro7-dAV.png
carro7-dAV
5
0
0
1
carro8-d.png
carro8-d
5
0
0
1
carro8-dAV.png
carro8-dAV
5
0
0
1
estrada3.jpg
estrada3
5
0
0
1
sinal1.png
sinal1
5
0
0
1
sinal2.png
sinal2
5
0
0
1
Castelo.png
Castelo
5
0
0
1
epm.png
epm
5
0
0
1
sinal3.png
sinal3
5
0
0
1
7
bonus.wav
bonus
-
explosion
woohoo.wav
woohoo
-
martelo
explosao3.wav
explosao3
vidroquebrando4.wav
vidroquebrando4
reverse.wav
reverse
4
titlemusic.mp3
titlemusic
levelmusic.mp3
levelmusic
gameovermusic.mp3
gameovermusic
completedmusic.mp3
completedmusic
3
-
1
MiniBus
-1
1
16777215
0
1
0.50
5
5
0
-1
-1
-1
-1
27
28
29
30
26
4
-1
-1
10
2
0
10
-1
-1
-1
3
1
1
MiniBus
5
1
16777215
3
1
0.50
10
10
0
-1
-1
-1
-1
27
28
29
30
26
5
-1
-1
10
2
0
10
27
4
5
3
-
0
player2
-1
1
16777215
0
0
0.50
5
5
0
-1
-1
-1
-1
27
28
29
30
26
4
-1
-1
10
2
0
10
-1
-1
-1
3
53
-
object 0
0
1
-1
0
-1
-1
-1
-1
1
16777215
0
1
0
0
0
-1
1
0
0
10
0
0
-1
-1
2
0
5
2
10
1
-1
-1
0
0
0
0
0.50
5
5
0
0
1
-1
-1
5
-1
-1
0
0
0
0
-1
-1
-1
-1
1
0
-
object 1
0
1
-1
0
-1
-1
-1
-1
1
16777215
0
1
0
0
0
-1
1
0
0
10
0
0
-1
-1
2
0
5
2
10
1
-1
-1
0
0
0
0
0.50
5
5
0
0
1
-1
-1
5
-1
-1
0
0
0
0
-1
-1
-1
-1
1
0
-
object 2
0
1
-1
0
-1
-1
-1
-1
1
16777215
0
1
0
0
0
-1
1
0
0
10
0
0
-1
-1
2
0
5
2
10
1
-1
-1
0
0
0
0
0.50
5
5
0
0
1
-1
-1
5
-1
-1
0
0
0
0
-1
-1
-1
-1
1
0
-
muro1
1
1
-1
0
-1
-1
-1
-1
1
16777215
0
9999999999999
0
0
0
-1
1
0
0
0
0
0
-1
-1
2
0
5
2
10
1
-1
-1
0
0
0
0
0.50
5
5
0
0
1
-1
-1
5
-1
-1
0
0
0
1
-1
-1
-1
-1
1
0
4
estrada1
0
1
4
0
-1
-1
-1
-1
1
16777215
0
1
0
0
0
-1
1
0
0
10
0
0
-1
-1
2
0
5
2
10
1
-1
-1
0
0
0
0
0.50
5
5
0
0
1
-1
-1
5
-1
-1
0
0
0
0
-1
-1
-1
-1
1
0
-
object 5
0
1
5
0
-1
-1
-1
-1
1
16777215
0
1
0
0
0
-1
1
0
0
10
0
0
-1
-1
2
0
5
2
10
1
-1
-1
0
0
0
0
0.50
5
5
0
0
1
-1
-1
5
-1
-1
0
0
0
0
-1
-1
-1
-1
1
0
-
object 6
0
1
-1
0
-1
-1
-1
-1
1
16777215
0
1
0
0
0
-1
1
0
0
10
0
0
-1
-1
2
0
5
2
10
1
-1
-1
0
0
0
0
0.50
5
5
0
0
1
-1
-1
5
-1
-1
0
0
0
0
-1
-1
-1
-1
1
0
-
car2-d
3
1
7
0
-1
-1
-1
-1
1
16777215
3
1
0
0
0
-1
0
3
0
10
0
1
-1
-1
2
0
5
2
10
1
7
-1
5
5
0
1
0.50
10
10
0
0
1
-1
-1
5
-1
-1
0
0
0
0
1
-1
-1
-1
1
0
-
car2-e
3
1
-1
0
-1
-1
-1
-1
1
16777215
1
1
0
0
0
-1
0
3
0
10
0
2
-1
-1
2
0
5
2
10
1
-1
-1
0
0
0
0
0.50
5
5
0
0
1
-1
-1
5
-1
-1
0
0
0
0
-1
-1
-1
-1
1
0
-
object 9
0
1
8
0
-1
-1
-1
-1
1
16777215
0
1
0
0
0
-1
1
0
0
10
0
0
-1
-1
2
0
5
2
10
1
-1
-1
0
0
0
0
0.50
5
5
0
0
1
-1
-1
5
-1
-1
0
0
0
0
-1
-1
-1
-1
1
0
-
object 10
0
1
9
0
-1
-1
-1
-1
1
16777215
0
1
0
0
0
-1
1
0
0
10
0
0
-1
-1
2
0
5
2
10
1
-1
-1
0
0
0
0
0.50
5
5
0
0
1
-1
-1
5
-1
-1
0
0
0
0
-1
-1
-1
-1
1
0
11
alunos2
2
1
11
0
-1
-1
-1
-1
1
16777215
6
1
30
0
0
2
1
0
0
10
0
0
-1
-1
2
0
5
2
10
1
-1
-1
0
0
0
1
0.50
10
10
0
0
1
-1
-1
5
-1
-1
0
0
0
0
-1
-1
-1
-1
1
0
12
arvore1
0
1
13
0
-1
-1
-1
-1
1
16777215
5
1
0
0
0
-1
1
0
0
10
0
0
-1
-1
2
0
5
2
10
1
-1
-1
0
0
0
1
0.50
5
5
0
0
1
-1
-1
5
-1
-1
0
0
0
0
-1
-1
-1
-1
1
0
-
paragem5
0
1
14
0
-1
-1
-1
-1
1
16777215
5
1
0
0
0
-1
1
0
0
10
0
0
-1
-1
2
0
5
2
10
1
-1
-1
0
0
0
1
0.50
5
5
0
0
1
-1
-1
5
-1
-1
0
0
0
0
-1
-1
-1
-1
1
0
14
buraco
1
1
15
0
-1
-1
-1
-1
1
16777215
1
9999
0
0
0
-1
1
0
0
10
0
0
-1
-1
2
0
5
2
10
9999
15
6
0
0
0
0
0.50
5
5
0
0
1
-1
-1
5
-1
-1
0
0
0
1
-1
-1
-1
-1
1
0
15
gasolina
2
1
16
0
-1
-1
-1
-1
1
16777215
3
1
0
80
0
0
1
0
0
10
0
0
-1
-1
2
0
5
2
10
1
-1
-1
0
0
0
1
0.50
10
10
0
0
1
-1
-1
5
-1
-1
0
0
0
0
-1
-1
-1
-1
1
0
16
paragem2
0
1
14
0
-1
-1
-1
-1
1
16777215
2
1
0
0
0
-1
1
0
0
10
0
0
-1
-1
2
0
5
2
10
1
-1
-1
0
0
0
1
0.50
5
5
0
0
1
-1
-1
5
-1
-1
0
0
0
0
-1
-1
-1
-1
1
0
17
arbusto
1
1
17
0
-1
-1
-1
-1
1
16777215
1
9999
0
0
0
-1
1
0
0
5
0
0
-1
-1
2
0
5
2
10
1
17
6
0
0
0
1
0.50
5
5
0
0
1
-1
-1
5
-1
-1
0
0
0
1
-1
-1
-1
-1
1
0
18
alunos50
2
1
18
0
-1
-1
-1
-1
1
16777215
6
1
50
0
0
2
1
0
0
10
0
0
-1
-1
2
0
5
2
10
1
-1
-1
0
0
0
1
0.50
10
10
0
0
1
-1
-1
5
-1
-1
0
0
0
0
-1
-1
-1
-1
1
0
19
aluno2
2
1
19
0
-1
-1
-1
-1
1
16777215
6
1
10
0
0
2
1
0
0
10
0
0
-1
-1
2
0
5
2
10
1
-1
-1
0
0
0
1
0.50
10
10
0
0
1
-1
-1
5
-1
-1
0
0
0
0
-1
-1
-1
-1
1
0
20
aluno3
2
1
20
0
-1
-1
-1
-1
1
16777215
6
1
10
0
0
2
1
0
0
10
0
0
-1
-1
2
0
5
2
10
1
-1
-1
0
0
0
1
0.50
10
10
0
0
1
-1
-1
5
-1
-1
0
0
0
0
-1
-1
-1
-1
1
0
21
aluno1
2
1
21
0
-1
-1
-1
-1
1
16777215
6
1
10
0
0
2
1
0
0
10
0
0
-1
-1
2
0
5
2
10
1
-1
-1
0
0
0
1
0.50
10
10
0
0
1
-1
-1
5
-1
-1
0
0
0
0
-1
-1
-1
-1
1
0
22
carro3-d
3
1
22
0
-1
-1
-1
-1
1
16777215
3
1
0
0
0
-1
0
3
0
20
0
2
-1
-1
2
0
5
2
30
1
-1
-1
0
0
0
1
0.50
5
5
0
0
1
27
-1
5
-1
-1
0
0
0
0
0
-1
-1
-1
1
0
23
carro1-d
3
1
23
0
-1
-1
-1
-1
1
16777215
3
1
0
0
0
-1
0
3
0
10
0
1
-1
-1
2
0
5
2
10
1
-1
-1
0
0
0
1
0.50
5
5
0
0
1
26
-1
5
-1
-1
0
0
0
0
0
-1
-1
-1
1
0
24
carro2-d
3
1
7
0
-1
-1
-1
-1
1
16777215
3
1
0
0
0
-1
0
3
0
10
0
1
-1
-1
2
0
5
2
20
1
-1
-1
0
0
0
1
0.50
5
5
0
0
1
25
-1
5
-1
-1
0
0
0
0
0
-1
-1
-1
1
0
25
carro2-dAV
0
1
24
0
-1
-1
-1
-1
1
16777215
0
1
0
0
0
-1
1
0
0
10
0
0
-1
-1
2
0
5
2
10
1
-1
-1
0
0
0
0
0.50
5
5
0
0
1
-1
-1
5
-1
-1
0
0
0
0
-1
-1
-1
-1
1
0
26
carro1-dAV
0
1
25
0
-1
-1
-1
-1
1
16777215
0
1
0
0
0
-1
1
0
0
10
0
0
-1
-1
2
0
5
2
10
1
-1
-1
0
0
0
0
0.50
5
5
0
0
1
-1
-1
5
-1
-1
0
0
0
0
-1
-1
-1
-1
1
0
27
carro3-dAV
0
1
26
0
-1
-1
-1
-1
1
16777215
0
1
0
0
0
-1
1
0
0
10
0
0
-1
-1
2
0
5
2
10
1
-1
-1
0
0
0
0
0.50
5
5
0
0
1
-1
-1
5
-1
-1
0
0
0
0
-1
-1
-1
-1
1
0
28
óleo
1
1
35
0
-1
-1
-1
-1
1
16777215
1
9999
0
0
0
-1
1
0
0
10
0
0
-1
-1
2
0
5
2
10
1
35
-1
0
0
0
0
0.50
5
5
0
0
1
-1
-1
5
-1
-1
0
0
0
0
-1
-1
-1
-1
1
0
29
estrada1-FIM
0
1
-1
0
-1
-1
-1
-1
1
16777215
0
1
0
0
0
-1
1
0
0
10
0
0
-1
-1
2
0
5
2
10
1
-1
-1
0
0
0
0
0.50
5
5
0
0
1
-1
-1
5
-1
-1
0
0
0
0
-1
-1
-1
-1
1
0
30
estrada-caminho-i
0
1
38
0
-1
-1
-1
-1
1
16777215
0
1
0
0
0
-1
1
0
0
10
0
0
-1
-1
2
0
5
2
10
1
-1
-1
0
0
0
0
0.50
5
5
0
0
1
-1
-1
5
-1
-1
0
0
0
0
-1
-1
-1
-1
1
0
31
estrada-caminho-f
0
1
39
0
-1
-1
-1
-1
1
16777215
0
1
0
0
0
-1
1
0
0
10
0
0
-1
-1
2
0
5
2
10
1
-1
-1
0
0
0
0
0.50
5
5
0
0
1
-1
-1
5
-1
-1
0
0
0
0
-1
-1
-1
-1
1
0
32
parede
1
1
40
0
-1
-1
-1
-1
1
16777215
1
9999
0
0
0
-1
1
0
0
10
0
0
-1
-1
2
0
5
2
10
1
40
6
0
0
0
0
0.50
5
5
0
0
1
-1
-1
5
-1
-1
0
0
0
1
-1
-1
-1
-1
1
0
33
muro-i
1
1
41
0
-1
-1
-1
-1
1
16777215
1
9999
0
0
0
-1
1
0
0
10
0
0
-1
-1
2
0
5
2
10
1
41
6
0
0
0
0
0.50
5
5
0
0
1
-1
-1
5
-1
-1
0
0
0
0
-1
-1
-1
-1
1
0
34
muro-f
1
1
42
0
-1
-1
-1
-1
1
16777215
1
9999
0
0
0
-1
1
0
0
10
0
0
-1
-1
2
0
5
2
10
1
42
6
0
0
0
0
0.50
5
5
0
0
1
-1
-1
5
-1
-1
0
0
0
0
-1
-1
-1
-1
1
0
35
roda
2
1
43
0
-1
-1
-1
-1
1
16777215
3
1
0
100
1
0
1
0
0
10
0
0
-1
-1
2
0
5
2
10
1
-1
-1
0
0
0
1
0.50
10
10
0
0
1
-1
-1
5
-1
-1
0
0
0
0
-1
-1
-1
-1
1
0
36
object 36
3
1
44
0
-1
-1
-1
-1
1
16777215
3
1
0
0
0
-1
0
3
0
25
0
1
-1
-1
2
0
5
2
10
3
-1
-1
0
0
0
1
0.50
5
5
0
0
1
37
-1
5
-1
-1
0
0
0
0
0
-1
-1
-1
1
0
37
carro4-dAV
0
1
45
0
-1
-1
-1
-1
1
16777215
0
1
0
0
0
-1
1
0
0
10
0
0
-1
-1
2
0
5
2
10
1
-1
-1
0
0
0
0
0.50
5
5
0
0
1
-1
-1
5
-1
-1
0
0
0
0
-1
-1
-1
-1
1
0
38
carro5-d
3
1
46
0
-1
-1
-1
-1
1
16777215
3
1
0
0
0
-1
0
3
0
15
0
1
-1
-1
2
0
5
2
10
1
-1
-1
0
0
0
1
0.50
5
5
0
0
1
39
-1
5
-1
-1
0
0
0
0
0
-1
-1
-1
1
0
39
carro5-aAV
0
1
47
0
-1
-1
-1
-1
1
16777215
0
1
0
0
0
-1
1
0
0
10
0
0
-1
-1
2
0
5
2
10
1
-1
-1
0
0
0
0
0.50
5
5
0
0
1
-1
-1
5
-1
-1
0
0
0
0
-1
-1
-1
-1
1
0
40
carro6-d
3
1
48
0
-1
-1
-1
-1
1
16777215
3
1
0
0
0
-1
0
3
0
50
0
1
-1
-1
2
0
5
2
10
3
-1
-1
0
0
0
1
0.50
5
5
0
0
1
41
-1
5
-1
-1
0
0
0
0
0
-1
-1
-1
1
0
41
carro6-dAV
0
1
49
0
-1
-1
-1
-1
1
16777215
0
1
0
0
0
-1
1
0
0
10
0
0
-1
-1
2
0
5
2
10
1
-1
-1
0
0
0
0
0.50
5
5
0
0
1
-1
-1
5
-1
-1
0
0
0
0
-1
-1
-1
-1
1
0
42
carro7-d
3
1
50
0
-1
-1
-1
-1
1
16777215
3
1
0
0
0
-1
0
3
0
30
0
1
-1
-1
2
0
5
2
10
3
-1
-1
0
0
0
1
0.50
5
5
0
0
1
43
-1
5
-1
-1
0
0
0
0
0
-1
-1
-1
1
0
43
carro7-dAV
0
1
51
0
-1
-1
-1
-1
1
16777215
0
1
0
0
0
-1
1
0
0
10
0
0
-1
-1
2
0
5
2
10
1
-1
-1
0
0
0
0
0.50
5
5
0
0
1
-1
-1
5
-1
-1
0
0
0
0
-1
-1
-1
-1
1
0
44
carro8-d
3
1
52
0
-1
-1
-1
-1
1
16777215
3
1
0
0
0
-1
0
3
0
10
0
1
-1
-1
2
0
5
2
15
3
-1
-1
0
0
0
1
0.50
5
5
0
0
1
45
-1
5
-1
-1
0
0
0
0
0
-1
-1
-1
1
0
45
carro8-dAV
0
1
53
0
-1
-1
-1
-1
1
16777215
0
1
0
0
0
-1
1
0
0
10
0
0
-1
-1
2
0
5
2
10
1
-1
-1
0
0
0
0
0.50
5
5
0
0
1
-1
-1
5
-1
-1
0
0
0
0
-1
-1
-1
-1
1
0
46
caminho
0
1
54
0
-1
-1
-1
-1
1
16777215
0
1
0
0
0
-1
1
0
0
10
0
0
-1
-1
2
0
5
2
10
1
-1
-1
0
0
0
0
0.50
5
5
0
0
1
-1
-1
5
-1
-1
0
0
0
0
-1
-1
-1
-1
1
0
47
arvore2
0
1
13
0
-1
-1
-1
-1
1
16777215
1
1
0
0
0
-1
1
0
0
10
0
0
-1
-1
2
0
5
2
10
1
-1
-1
0
0
0
1
0.50
5
5
0
0
1
-1
-1
5
-1
-1
0
0
0
0
-1
-1
-1
-1
1
0
48
sinal1
0
1
55
0
-1
-1
-1
-1
1
16777215
5
1
0
0
0
-1
1
0
0
10
0
0
-1
-1
2
0
5
2
10
1
-1
-1
0
0
0
1
0.50
5
5
0
0
1
-1
-1
5
-1
-1
0
0
0
0
-1
-1
-1
-1
1
0
49
sinal2
0
1
56
0
-1
-1
-1
-1
1
16777215
5
1
0
0
0
-1
1
0
0
10
0
0
-1
-1
2
0
5
2
10
1
-1
-1
0
0
0
1
0.50
5
5
0
0
1
-1
-1
5
-1
-1
0
0
0
0
-1
-1
-1
-1
1
0
50
castelo
0
1
57
0
-1
-1
-1
-1
1
16777215
5
1
0
0
0
-1
1
0
0
10
0
0
-1
-1
2
0
5
2
10
1
-1
-1
0
0
0
0
0.50
5
5
0
0
1
-1
-1
5
-1
-1
0
0
0
0
-1
-1
-1
-1
1
0
51
EPM
0
1
58
0
-1
-1
-1
-1
1
16777215
5
1
0
0
0
-1
1
0
0
10
0
0
-1
-1
2
0
5
2
10
1
-1
-1
0
0
0
0
0.50
5
5
0
0
1
-1
-1
5
-1
-1
0
0
0
0
-1
-1
-1
-1
1
0
52
object 52
0
1
59
0
-1
-1
-1
-1
1
16777215
5
1
0
0
0
-1
1
0
0
10
0
0
-1
-1
2
0
5
2
10
1
-1
-1
0
0
0
0
0.50
5
5
0
0
1
-1
-1
5
-1
-1
0
0
0
0
-1
-1
-1
-1
1
0
956
0
4
400
300
0
1
1
0
4
1200
300
0
1
1
0
4
2800
300
0
1
1
0
4
3600
300
0
1
1
0
4
4400
300
0
1
1
0
4
2000
300
0
1
1
0
11
1730
500
0
1
1
0
12
1270
490
0
1
1
0
12
260
540
0
1
1
0
12
700
560
0
1
1
0
12
2240
500
0
1
1
0
12
3130
530
0
1
1
0
17
800
30
0
1.50
1.50
0
17
1250
60
0
1.40
1.30
0
17
1680
50
0
1
1
0
17
400
70
0
1
1
0
16
2380
80
0
0.80
0.50
0
16
1660
490
0
1
0.70
0
18
2440
100
0
1
1
0
19
3450
520
0
1
1
0
20
4150
80
0
1
1
0
21
4490
520
0
1
1
0
17
2750
40
0
1
1
0
17
2140
70
0
1
1
0
17
3460
70
0
1
1
0
17
4300
30
0
1
1
0
12
4040
510
0
1
1
0
12
4700
590
0
1
1
0
4
5200
300
0
1
1
0
4
6000
300
0
1
1
0
4
6800
300
0
1
1
0
4
7600
300
0
1
1
0
24
950
400
0
1
1
0
24
3080
230
0
1
1
0
22
4010
220
0
1
1
0
18
4850
100
0
1
1
0
23
5630
240
0
1
1
0
24
5150
410
0
1
1
0
24
6260
380
0
1
1
0
12
5950
540
0
1
1
0
12
7020
500
0
1
1
0
17
5250
70
0
1
1
0
17
6000
40
0
1
1
0
17
6830
100
0
1
1
0
19
6350
90
0
1
1
0
20
6770
500
0
1
1
0
21
7390
90
0
1
1
0
16
7760
480
0
0.90
0.70
0
18
7850
510
0
1
1
0
4
8400
300
0
1
1
0
4
9200
300
0
1
1
0
4
10000
300
0
1
1
0
4
10800
300
0
1
1
0
4
11600
300
0
1
1
0
4
12400
300
0
1
1
0
4
13200
300
0
1
1
0
4
14000
300
0
1
1
0
4
14800
300
0
1
1
0
4
15600
300
0
1
1
0
24
7650
230
0
1
1
0
24
10370
190
0
1
1
0
24
11250
330
0
1
1
0
23
14460
250
0
1
1
0
23
11770
250
0
1
1
0
17
7700
40
0
1
1
0
17
8520
90
0
1
1
0
17
9370
70
0
1
1
0
17
10110
40
0
1
1
0
17
10980
90
0
1
1
0
17
11730
80
0
1
1
0
17
12520
60
0
1
1
0
17
13140
50
0
1
1
0
17
13560
80
0
1
1
0
17
14520
80
0
1
1
0
17
15550
50
0
1
1
0
17
15870
70
0
1
1
0
12
8120
560
0
1
1
0
12
8920
500
0
1
1
0
12
9580
590
0
1
1
0
12
10060
530
0
1
1
0
12
10740
480
0
1
1
0
12
11290
540
0
1
1
0
12
12250
500
0
1
1
0
12
13500
560
0
1
1
0
12
14340
490
0
1
1
0
12
15240
530
0
1
1
0
12
15910
490
0
1
1
0
11
9940
100
0
1
1
0
20
9260
510
0
1
1
0
21
11010
510
0
1
1
0
19
10610
80
0
1
1
0
16
12740
490
0
0.80
0.70
0
18
12810
510
0
1
1
0
11
12180
100
0
1
1
0
18
14240
90
0
1
1
0
21
15000
510
0
1
1
0
19
15390
100
0
1
1
0
4
16400
300
0
1
1
0
4
17200
300
0
1
1
0
4
18000
300
0
1
1
0
4
18800
300
0
1
1
0
4
19600
300
0
1
1
0
4
20400
300
0
1
1
0
4
21200
300
0
1
1
0
4
22000
300
0
1
1
0
16
4800
70
0
0.70
0.50
0
16
9910
80
0
0.70
0.50
0
17
570
540
0
1.10
1.40
0
17
2490
540
0
1
1
0
17
3860
560
0
1
1
0
17
5450
540
0
1.80
1.50
0
17
6420
540
0
1
1.50
0
14
7220
310
0
1
1
0
14
8800
440
0
1.60
1.60
0
14
10300
110
0
1
1
0
17
10370
550
0
1.20
2.30
0
17
11960
540
0
0.90
1.90
0
17
13410
540
0
1.90
2.20
0
14
14570
500
0
1
1
0
14
13390
340
0
1
1
0
17
15860
570
0
1.60
3.10
0
17
16500
540
0
1
1.40
0
14
16400
110
0
1
1
0
17
17180
80
0
1
1
0
17
18130
550
0
1.80
1.90
0
17
19220
90
0
1
1
0
17
20290
580
0
1
1
0
17
20870
20
0
1
1
0
17
21750
70
0
1
1
0
17
22030
580
0
1
1
0
4
22800
300
0
1
1
0
4
23600
300
0
1
1
0
4
24400
300
0
1
1
0
20
22520
520
0
1
1
0
21
20710
90
0
1
1
0
18
19610
500
0
1
1
0
16
19680
490
0
0.80
0.70
0
21
18280
80
0
1
1
0
19
17270
80
0
1
1
0
11
17420
510
0
1
1
0
16
17360
500
0
0.70
0.60
0
20
16250
90
0
1
1
0
24
15060
390
0
1
1
0
23
16100
390
0
1
1
0
23
16730
310
0
1
1
0
22
17520
290
0
1
1
0
24
18100
410
0
1
1
0
24
19130
250
0
1
1
0
23
20080
390
0
1
1
0
23
21000
390
0
1
1
0
23
22910
390
0
1
1
0
24
24500
410
0
1
1
0
15
18630
300
0
1
1
0
23
2440
380
0
1
1
0
23
8390
420
0
1
1
0
28
20010
150
0
1
1
0
28
20680
520
0
2.20
2.10
0
28
22400
310
0
2.10
1.50
0
28
23580
270
0
1
1
0
28
4470
150
0
1
1
0
28
5960
410
0
1.30
1.30
0
28
12240
310
0
1.40
1.60
0
19
13940
510
0
1
1
0
22
15470
220
0
1
1
0
28
16860
500
0
2.50
1.70
0
17
17880
70
0
1
1.50
0
12
18730
560
0
1
1
0
12
20170
480
0
1
1
0
22
20720
220
0
1
1
0
17
19890
10
0
1.40
1.70
0
21
5620
70
0
1
1
0
16
15330
80
0
0.60
0.50
0
17
18610
10
0
2.20
2
0
12
21390
570
0
1
1
0
12
21610
460
0
1
1
0
12
22310
560
0
1
1
0
12
22900
480
0
1
1
0
17
22400
70
0
1
1
0
11
22960
90
0
1
1
0
21
22030
90
0
1
1
0
17
23350
10
0
1.50
1.80
0
17
23580
60
0
1.40
1.60
0
16
23570
490
0
0.80
0.60
0
18
23490
510
0
1
1
0
22
23920
220
0
1
1
0
17
24500
550
0
1.60
2
0
12
24680
470
0
1
1
0
21
24530
80
0
1
1
0
28
24680
110
0
1.70
1.70
0
17
24080
100
0
1.40
1.60
0
4
25200
300
0
1
1
0
20
25450
510
0
1
1
0
23
25330
210
0
1
1
0
24
24960
420
0
1
1
0
17
25110
90
0
1.30
1.70
0
17
25390
10
0
1.60
1.50
0
4
26000
300
0
1
1
0
16
26230
80
0
0.60
0.50
0
12
26030
560
0
1
1
0
12
26420
490
0
1
1
0
17
26290
560
0
1.60
1.90
0
14
25820
480
0
1.70
1.60
0
24
26130
360
0
1
1
0
4
26800
300
0
1
1
0
17
26680
20
0
2.10
1.50
0
17
27030
90
0
1
1
0
19
26790
100
0
1
1
0
17
27150
550
0
1.60
2.20
0
23
27230
250
0
1
1
0
4
27600
300
0
1
1
0
11
28000
510
0
1
1
0
14
27600
140
0
1
1
0
17
27940
100
0
1
1
0
23
22090
440
0
1
1
0
24
23400
200
0
1
1
0
28
19190
480
0
2.20
1.70
0
36
9300
230
0
1
1
0
36
1600
240
0
1
1
0
40
6720
240
0
1
1
0
23
10060
410
0
1
1
0
44
10680
400
0
1
1
0
36
13820
360
0
1
1
0
38
21670
260
0
1
1
0
38
23910
420
0
1
1
0
38
26480
190
0
1
1
0
38
27720
400
0
1
1
0
30
28400
300
0
1
1
0
46
29200
300
0
1
1
0
46
30000
300
0
1
1
0
46
30800
300
0
1
1
0
46
31600
300
0
1
1
0
31
32400
300
0
1
1
0
4
33200
300
0
1
1
0
4
34000
300
0
1
1
0
4
34800
300
0
1
1
0
4
35600
300
0
1
1
0
4
36400
300
0
1
1
0
4
37200
300
0
1
1
0
4
38000
300
0
1
1
0
4
38800
300
0
1
1
0
40
12830
290
0
1
1
0
20
21500
510
0
1
1
0
19
25230
90
0
1
1
0
20
27240
510
0
1
1
0
20
28190
80
0
1
1
0
16
28780
80
0
0.80
0.60
0
18
28860
90
0
1
1
0
17
28460
550
0
1
1.50
0
17
27830
540
0
1.40
1.70
0
17
29410
520
0
1
1
0
17
29610
60
0
1
1
0
17
29140
30
0
1
1
0
12
28730
540
0
1
1
0
12
29670
560
0
1
1
0
12
30310
570
0
1
1
0
12
30470
440
0
1
1
0
12
30990
540
0
1
1
0
12
31880
580
0
1
1
0
12
32190
560
0
1
1
0
17
32130
90
0
1
1
0
17
32050
540
0
1
1
0
17
31340
530
0
1
1
0
17
31290
30
0
1
1
0
17
30760
80
0
1
1
0
17
30550
540
0
1
1
0
17
30130
140
0
1
1
0
17
29950
90
0
1
1
0
14
29520
320
0
1
1
0
14
31110
430
0
1
1
0
14
32040
190
0
1
1
0
14
33450
350
0
1
1
0
19
29100
500
0
1
1
0
20
29530
90
0
1
1
0
11
30040
150
0
1
1
0
21
30230
520
0
1
1
0
16
30980
90
0
0.70
0.60
0
11
31040
120
0
1
1
0
21
31750
510
0
1
1
0
20
31530
120
0
1
1
0
19
32250
110
0
1
1
0
33
32970
-10
0
1
1
0
32
33480
-10
0
1
1
0
32
33990
-10
0
1
1
0
32
33990
590
0
1
1
0
32
33480
590
0
1
1
0
32
32970
590
0
1
1
0
33
32460
590
0
1
1
0
34
34500
590
0
1
1
0
32
34500
-10
0
1
1
0
34
35010
-10
0
1
1
0
17
35490
90
0
1
1
0
17
34840
550
0
1
1
0
12
34200
580
0
1
1
0
12
33490
490
0
1
1
0
12
32840
490
0
1
1
0
11
32730
100
0
1
1
0
20
33310
90
0
1
1
0
18
34910
500
0
1
1
0
16
34280
80
0
0.70
0.50
0
20
34350
90
0
1
1
0
11
35290
90
0
1
1
0
19
35700
520
0
1
1
0
21
36400
100
0
1
1
0
20
36980
520
0
1
1
0
40
3540
400
0
1
1
0
17
13980
70
0
1
1
0
17
15050
90
0
1
1
0
17
16640
40
0
1
1
0
11
18970
90
0
1
1
0
17
20380
80
0
1
1
0
17
21270
40
0
1.10
1.90
0
17
21940
550
0
2
2.30
0
19
24240
480
0
1
1
0
17
25890
100
0
1
1
0
17
27530
50
0
1
1
0
47
28400
30
0
1
1
0
47
29370
90
0
1
1
0
47
29880
20
0
1
1
0
47
30150
80
0
1
1
0
47
30640
50
0
1
1
0
47
31480
40
0
1
1
0
47
32000
70
0
1
1
0
47
32390
20
0
1
1
0
47
34710
10
0
1
1
0
17
34770
100
0
1
1
0
17
35870
540
0
1.20
1.40
0
12
35270
550
0
1
1
0
12
36000
480
0
1
1
0
47
36240
10
0
1
1
0
17
36010
90
0
1
1
0
17
35790
50
0
1
1
0
17
36700
40
0
1
1
0
28
36630
530
0
2
1.70
0
17
37110
10
0
1
1
0
17
37270
50
0
1
1
0
17
37480
530
0
1
1
0
17
37870
50
0
1
1
0
17
38430
20
0
1
1
0
17
38440
530
0
1
1
0
17
39060
530
0
1
1
0
17
39250
70
0
1
1
0
17
38860
20
0
1
1
0
20
13470
100
0
1
1
0
28
28360
470
0
1
1
0
44
30140
260
0
1
1
0
38
29600
450
0
1
1
0
36
30900
260
0
1
1
0
24
31450
410
0
1
1
0
23
32040
320
0
1
1
0
36
32630
230
0
1
1
0
38
33040
410
0
1
1
0
24
33590
220
0
1
1
0
24
33970
410
0
1
1
0
22
34350
280
0
1
1
0
23
34890
420
0
1
1
0
40
35270
220
0
1
1
0
44
35990
390
0
1
1
0
42
36760
220
0
1
1
0
38
37250
390
0
1
1
0
36
37650
240
0
1
1
0
24
38530
250
0
1
1
0
21
37390
80
0
1
1
0
19
37650
510
0
1
1
0
11
38080
100
0
1
1
0
20
38530
480
0
1
1
0
4
40400
300
0
1
1
0
47
8290
10
0
1
1
0
47
22910
20
0
1
1
0
44
28400
240
0
1
1
0
47
33150
0
0
1
1
0
20
36080
500
0
1
1
0
12
38050
560
0
1
1
0
19
39040
80
0
1
1
0
44
38120
400
0
1
1
1
29
51600
300
0
1
1
0
4
39600
300
0
1
1
0
50
39750
550
0
1
1
0
49
37470
460
0
1
1
0
48
39260
550
0
1
1
0
48
28210
520
5
1
1
0
47
2060
0
0
1
1
0
47
3540
10
0
1
1
0
47
5710
10
0
1
1
0
47
7800
0
0
1
1
0
47
10670
20
0
1
1
0
47
11380
0
0
1
1
0
47
12240
10
0
1
1
0
47
13290
10
0
1
1
0
47
14350
10
0
1
1
0
47
15110
0
0
1
1
0
47
16320
0
0
1
1
0
47
17560
0
0
1
1
0
47
18420
0
0
1
1
0
47
19570
0
0
1
1
0
47
20260
0
0
1
1
0
47
21360
0
0
1
1
0
47
22120
10
0
1
1
0
47
23840
0
0
1
1
0
47
24790
10
0
1
1
0
47
25700
0
0
1
1
0
47
26380
20
0
1
1
0
47
27850
20
0
1
1
0
47
37180
0
0
1
1
0
47
38330
10
0
1
1
0
47
39100
0
0
1
1
0
47
90
0
0
1
1
0
47
490
0
0
1
1
0
47
300
0
0
1
1
0
47
10
60
0
1
1
0
47
930
10
0
1
1
0
47
1370
0
0
1
1
1
28
26560
200
0
1.70
1.70
1
17
21010
550
0
1
1
1
19
23290
70
0
1
1
0
48
450
490
-5
1
1
0
42
28900
390
0
1
1
0
42
30590
440
0
1
1
0
4
41200
300
0
1
1
0
52
40160
540
0
1.30
1.30
0
38
39110
380
0
1
1
0
22
40120
310
0
1
1
0
4
42000
300
0
1
1
0
4
42800
300
0
1
1
0
30
43600
300
0
1
1
0
46
44400
300
0
1
1
0
31
45200
300
0
1
1
0
4
46000
300
0
1
1
0
4
46800
300
0
1
1
0
4
47600
300
0
1
1
0
30
48400
300
0
1
1
0
31
49200
300
0
1
1
0
4
50000
300
0
1
1
0
4
50800
300
0
1
1
0
4
51600
300
0
1
1
0
4
52400
300
0
1
1
0
4
53200
300
0
1
1
0
4
54000
300
0
1
1
0
4
54800
300
0
1
1
0
4
55600
300
0
1
1
0
4
56400
300
0
1
1
0
4
57200
300
0
1
1
0
4
58000
300
0
1
1
0
4
58790
300
0
1
1
0
4
59590
300
0
1
1
0
4
60390
300
0
1
1
0
4
61190
300
0
1
1
0
4
61990
300
0
1
1
0
4
62790
300
0
1
1
0
4
63590
300
0
1
1
0
51
62960
300
0
1.50
1
0
52
62370
570
0
1
1
0
17
2160
550
0
1
1
0
17
1200
550
0
1
1
0
17
80
120
0
1
1
0
17
180
530
0
1
1
0
12
30
550
0
1
1
0
12
400
570
0
1
1
0
47
200
20
0
1
1
0
47
650
30
0
1
1
0
47
1770
10
0
1
1
0
47
2840
20
0
1
1
0
47
3980
0
0
1
1
0
47
4670
10
0
1
1
0
47
5340
10
0
1
1
0
47
5830
10
0
1
1
0
47
6420
10
0
1
1
0
47
6920
0
0
1
1
0
47
7460
10
0
1
1
0
47
8470
10
0
1
1
0
47
9110
0
0
1
1
0
47
10000
0
0
1
1
0
47
11800
0
0
1
1
0
47
12950
0
0
1
1
0
47
13400
0
0
1
1
0
47
14060
0
0
1
1
0
47
15990
10
0
1
1
0
47
17120
0
0
1
1
0
47
17630
20
0
1
1
0
47
20040
0
0
1
1
0
47
20980
10
0
1
1
0
47
23470
10
0
1
1
0
47
25270
10
0
1
1
0
47
27110
10
0
1
1
0
47
28000
0
0
1
1
0
47
28660
20
0
1
1
0
47
28530
50
0
1
1
0
47
29250
60
0
1
1
0
47
30460
0
0
1
1
0
47
31120
0
0
1
1
0
47
31760
50
0
1
1
0
47
32690
0
0
1
1
0
47
33780
0
0
1
1
0
47
34400
0
0
1
1
0
47
35350
0
0
1
1
0
47
35940
0
0
1
1
0
47
36320
10
0
1
1
0
47
37800
10
0
1
1
0
47
39670
10
0
1
1
0
47
39590
0
0
1
1
0
47
39910
20
0
1
1
0
47
40210
0
0
1
1
0
47
40360
20
0
1
1
0
47
41120
0
0
1
1
0
47
41670
0
0
1
1
0
47
41810
10
0
1
1
0
47
43600
10
0
1
1
0
47
43770
50
0
1
1
0
47
44000
90
0
1
1
0
47
43930
40
0
1
1
0
47
44580
20
0
1
1
0
47
44750
30
0
1
1
0
47
44790
120
0
1
1
0
47
44860
60
0
1
1
0
47
45190
0
0
1
1
0
47
46420
10
0
1
1
0
47
46500
30
0
1
1
0
47
46600
10
0
1
1
0
47
47310
10
0
1
1
0
47
47860
0
0
1
1
0
47
48410
10
0
1
1
0
47
48760
30
0
1
1
0
47
48810
110
0
1
1
0
47
49230
20
0
1
1
0
47
50600
10
0
1
1
0
47
50900
0
0
1
1
0
47
51370
10
0
1
1
0
47
52130
10
0
1
1
0
47
52500
0
0
1
1
0
47
53320
10
0
1
1
0
47
54000
30
0
1
1
0
47
54440
20
0
1
1
0
47
54680
0
0
1
1
0
47
55560
0
0
1
1
0
47
56040
0
0
1
1
0
47
56630
20
0
1
1
0
47
57200
0
0
1
1
0
47
57920
0
0
1
1
0
47
58800
20
0
1
1
0
47
59320
10
0
1
1
0
47
59680
0
0
1
1
0
47
60560
0
0
1
1
0
47
61240
20
0
1
1
0
47
61960
0
0
1
1
0
47
62410
0
0
1
1
0
47
62550
20
0
1
1
0
47
62910
0
0
1
1
0
47
63170
20
0
1
1
0
47
63430
30
0
1
1
0
47
63600
40
0
1
1
0
47
63790
70
0
1
1
0
47
63700
110
0
1
1
0
47
62770
100
0
1
1
0
12
63960
500
0
1
1
0
12
63600
530
0
1
1
0
12
63950
110
0
1
1
0
12
63960
290
0
1
1
0
12
63760
370
0
1
1
0
12
63620
330
0
1
1
0
12
63670
450
0
1
1
0
12
63800
460
0
1
1
0
12
63920
420
0
1
1
0
12
63850
250
0
1
1
0
12
63710
250
0
1
1
0
17
63580
290
90
3.80
4.60
0
17
63720
310
0
2.60
3.50
0
17
63730
540
0
3.20
3.40
0
17
63910
410
0
2.90
3.90
0
20
990
90
0
1
1
0
21
790
500
0
1
1
0
19
1830
70
0
1
1
0
19
2590
520
0
1
1
0
17
3070
550
0
1
1
0
17
3170
20
0
1
1
0
17
2900
120
0
1
1
0
17
2470
10
0
1
1
0
17
3600
100
0
1
1
0
17
4010
90
0
1
1
0
17
4140
540
0
1
1
0
17
4770
540
0
1
1
0
17
4620
90
0
1
1
0
17
5780
100
0
1
1
0
17
6010
550
0
1
1
0
17
6490
80
0
1
1
0
17
7080
550
0
1
1
0
17
7160
20
0
1
1
0
17
7510
100
0
1
1
0
17
7580
550
0
1
1
0
12
7490
560
0
1
1
0
12
6470
470
0
1
1
0
12
5540
450
0
1
1
0
12
5340
510
0
1
1
0
12
4310
590
0
1
1
0
12
3720
560
0
1
1
0
12
2990
470
0
1
1
0
12
2890
530
0
1
1
0
12
2090
540
0
1
1
0
12
1470
550
0
1
1
0
12
1030
470
0
1
1
0
12
130
460
0
1
1
0
20
3170
90
0
1
1
0
11
5660
500
0
1
1
0
17
7860
100
0
1
1
0
20
8270
90
0
1
1
0
19
8640
510
0
1
1
0
12
8550
580
0
1
1
0
17
8490
540
0
1
1
0
17
9100
100
0
1
1
0
17
8830
20
0
1
1
0
47
9540
0
0
1
1
0
47
9850
0
0
1
1
0
17
9700
20
0
1
1
0
17
10010
550
0
1
1
0
17
10770
570
0
1
1
0
17
11230
560
0
1
1
0
17
11450
80
0
1
1
0
11
11580
90
0
1
1
0
20
11860
500
0
1
1
0
17
12910
90
0
1
1
0
17
14380
550
0
1
1
0
17
14840
10
0
1
1
0
28
15600
490
0
2.30
1.80
0
17
17200
550
0
1
1
0
17
17610
110
0
1
1
0
12
17710
560
0
1
1
0
12
17970
490
0
1
1
0
12
18270
470
0
1
1
0
17
18830
550
0
1
1
0
17
19630
80
0
1
1
0
17
20230
550
0
1
1
0
17
21060
560
0
1
1
0
19
20380
500
0
1
1
0
20
20240
90
0
1
1
0
17
22810
100
0
1
1
0
17
22960
560
0
1
1
0
17
24120
550
0
1
1
0
17
24380
20
0
1
1
0
17
25110
560
0
1
1
0
17
25940
550
0
1
1
0
12
25240
560
0
1
1
0
12
27020
530
0
1
1
0
28
26770
510
0
1.80
1.40
0
17
30060
550
0
1
1
0
17
31870
60
0
1
1
0
17
32980
70
0
1
1
0
17
33730
90
0
1
1
0
17
35190
550
0
1
1
0
17
36280
100
0
1
1
0
47
36830
20
0
1
1
0
17
37740
550
0
1
1
0
17
37600
10
0
1
1
0
17
38660
60
0
1
1
0
17
39330
530
0
2.40
2.80
0
17
39790
60
0
1
1
0
17
40060
10
0
1
1
0
17
40310
110
0
1
1
0
17
40220
530
0
1.90
2.40
0
36
40760
430
0
1
1
0
40
41440
200
0
1.30
1.20
0
16
40790
80
0
0.80
0.50
0
12
40350
500
0
1
1
0
12
40440
530
0
1
1
0
12
40560
530
0
1
1
0
12
41080
570
0
1
1
0
12
41530
460
0
1
1
0
12
42070
540
0
1
1
0
12
42360
480
0
1
1
0
15
39800
150
0
1
1
0
18
40880
120
0
1
1
0
17
40640
20
0
1
1
0
17
40660
540
0
1
1
0
17
41050
550
0
1
1
0
17
41230
10
0
1
1
0
17
41630
90
0
1
1
0
17
41550
560
0
1
1
0
19
41190
520
0
1
1
0
20
41740
90
0
1
1
0
21
42160
490
0
1
1
0
17
41990
560
0
1
1
0
17
42430
560
0
1
1
0
33
42220
0
0
1
1
0
32
42730
0
0
1
1
0
34
43240
0
0
1
1
0
17
43460
80
0
1
1
0
17
42460
80
0
1
1
0
47
42520
0
0
1
1
0
47
43120
0
0
1
1
0
12
42810
570
0
1
1
0
12
42880
440
0
1
1
0
12
43320
540
0
1
1
0
12
43820
470
0
1
1
0
12
44000
430
0
1
1
0
12
44360
540
0
1
1
0
12
45140
550
0
1
1
0
17
45250
90
0
1
1
0
17
45210
560
0
1
1
0
17
44270
560
0
1
1
0
17
44000
550
0
1
1
0
17
43710
560
0
1
1
0
17
43270
560
0
1
1
0
17
42880
550
0
1
1
0
20
42970
500
0
1
1
0
11
42580
90
0
1
1
0
19
43410
490
0
1
1
0
20
43670
100
0
1
1
0
21
43920
500
0
1
1
0
18
44410
120
0
1
1
0
16
44330
100
0
0.80
0.60
0
19
44480
500
0
1
1
0
11
44950
110
0
1
1
0
17
44670
110
0
1
1
0
17
45050
60
0
1
1
0
17
44210
40
0
1
1
0
17
43880
120
0
1
1
0
38
41960
350
0
1
1
0
44
42690
230
0
1
1
0
42
42360
380
0
1.20
1.20
0
24
43210
250
0
1
1
0
23
43670
350
0
1
1
0
44
44130
230
0
1
1
0
42
44530
390
0
1
1
0
38
44950
300
0
1
1
0
18
26160
110
0
1
1
0
17
37080
550
0
1
1
0
17
39470
20
0
1
1
0
14
43080
120
0
1
1
0
28
45740
470
0
1.90
1.50
0
17
45740
560
0
1
1
0
33
46200
570
0
1
1
0
32
46710
570
0
1
1
0
32
47220
570
0
1
1
0
34
47730
570
0
1
1
0
14
44880
510
0
2
2
0
17
45610
10
0
1
1
0
17
45990
60
0
1
1
0
17
46380
100
0
1
1
0
17
46730
20
0
1
1
0
17
47110
10
0
1
1
0
17
47350
100
0
1
1
0
17
47930
70
0
1
1
0
17
47720
10
0
1
1
0
17
48450
100
0
1
1
0
17
48820
560
0
1
1
0
17
49280
110
0
1
1
0
35
48800
320
0
1
1
0
21
45470
510
0
1
1
0
19
45900
90
0
1
1
0
21
46850
90
0
1
1
0
12
46360
470
0
1
1
0
12
46690
550
0
1
1
0
12
47160
470
0
1
1
0
12
47590
550
0
1
1
0
12
48160
580
0
1
1
0
12
48500
530
0
1
1
0
12
48760
530
0
1
1
0
11
47490
100
0
1
1
0
28
47830
230
0
1
1
0
28
48020
540
0
1
1
0
40
45670
300
0
1.30
1.30
0
36
46290
210
0
1
1
0
38
46200
410
0
1
1
0
24
46800
260
0
1
1
0
23
47270
390
0
1
1
0
24
47820
300
0
1
1
0
23
48340
240
0
1
1
0
38
48710
410
0
1
1
0
19
48600
510
0
1
1
0
20
47950
480
0
1
1
0
21
48060
80
0
1
1
0
16
49410
490
0
1
0.70
0
18
49530
520
0
1
1
0
17
49180
550
0
1
1
0
17
48920
30
0
1
1
0
17
48690
130
0
1
1
0
17
48360
550
0
1
1
0
17
48140
560
0
1
1
0
20
48920
130
0
1
1
0
33
49670
70
0
1
1
0
34
50180
70
0
1
1
0
33
49930
510
0
1
1
0
32
50440
510
0
1
1
0
32
50950
510
0
1
1
0
34
51460
510
0
1
1
0
17
50960
90
0
1
1
0
12
49090
470
0
1
1
0
12
50010
570
0
1
1
0
12
50380
460
0
1
1
0
12
50830
540
0
1
1
0
12
51220
490
0
1
1
0
12
51800
490
0
1
1
0
20
50640
110
0
1
1
0
17
50500
90
0
1
1
0
28
49770
310
0
1
1
0
23
49290
230
0
1
1
0
24
49980
360
0
1
1
0
23
50360
210
0
1
1
0
36
50710
350
0
1
1
0
40
51130
210
0
1
1
0
17
51860
560
0
1
1
0
17
51240
10
0
1
1
0
17
51690
10
0
1
1
0
17
52090
100
0
1
1
0
17
52560
90
0
1
1
0
17
52840
10
0
1
1
0
19
51430
100
0
1
1
0
21
51700
430
0
1
1
0
24
51720
290
0
1
1
0
23
52130
410
0
1
1
0
36
52360
180
0
1
1
0
28
52060
450
0
1
1
0
12
52300
480
0
1
1
0
12
52810
540
0
1
1
0
12
53250
530
0
1
1
0
12
53650
560
0
1
1
0
12
53800
460
0
1
1
0
12
54310
540
0
1
1
0
12
54780
490
0
1
1
0
16
54500
500
0
0.80
0.60
0
52
55040
520
5
1
1
0
17
54200
20
0
1
1
0
17
54490
120
0
1
1
0
17
54230
550
0
1
1
0
17
54830
550
0
1
1
0
17
55040
540
0
1.40
2.30
0
17
54750
80
0
1
1
0
17
53770
550
0
1
1
0
17
53560
20
0
1
1
0
17
53950
120
0
1
1
0
17
53150
50
0
1
1
0
17
53200
560
0
1
1
0
17
52640
530
0
1
1
0
17
52270
560
0
1
1
0
20
52310
80
0
1
1
0
21
52550
490
0
1
1
0
11
52870
90
0
1
1
0
19
53340
480
0
1
1
0
21
53530
100
0
1
1
0
20
54120
90
0
1
1
0
18
53960
520
0
1
1
0
11
54610
490
0
1
1
0
19
54850
90
0
1
1
0
24
52750
400
0
1
1
0
38
53130
270
0
1
1
0
44
53610
390
0
1
1
0
24
54250
240
0
1
1
0
40
54760
300
0
1.30
1.30
0
14
53790
310
0
1
1
0
28
53020
490
0
1
1
0
28
55030
130
0
1
1
0
33
55410
570
0
1
1
0
32
55920
570
0
1
1
0
34
56430
570
0
1
1
0
12
55600
570
0
1
1
0
12
55970
480
0
1
1
0
12
56380
590
0
1
1
0
12
56800
500
0
1
1
0
12
57120
580
0
1
1
0
12
57340
470
0
1
1
0
17
55230
10
0
1
1
0
17
55620
90
0
1
1
0
17
56100
80
0
1
1
0
17
55840
0
0
1
1
0
17
56390
0
0
1
1
0
11
56660
480
0
1
1
0
21
55190
460
0
1
1
0
21
55350
80
0
1
1
0
20
55950
90
0
1
1
0
18
56390
80
0
1
1
0
17
56940
20
0
1
1
0
17
57520
20
0
1
1
0
42
55410
250
0
1
1
0
44
55830
400
0
1
1
0
38
56190
190
0
1
1
0
24
56340
430
0
1
1
0
23
56750
220
0
1
1
0
44
57150
380
0
1
1
0
19
57140
90
0
1
1
0
21
57240
510
0
1
1
0
17
57410
560
0
1
1
0
17
56890
560
0
1
1
0
17
57280
80
0
1
1
0
17
57970
90
0
1
1
0
12
57830
570
0
1
1
0
12
58010
500
0
1
1
0
12
58300
560
0
1
1
0
12
58780
480
0
1
1
0
12
59260
480
0
1
1
0
12
59650
580
0
1
1
0
12
60100
530
0
1
1
0
12
60640
560
0
1
1
0
12
61120
480
0
1
1
0
12
61610
570
0
1
1
0
12
61690
580
0
1
1
0
12
62150
480
0
1
1
0
17
62310
520
0
2.10
2.40
0
17
62120
550
0
1
1
0
17
61590
550
0
1
1
0
17
61300
110
0
1
1
0
17
61920
90
0
1
1
0
17
61620
10
0
1
1
0
17
62190
10
0
1
1
0
17
62690
10
0
1
1
0
17
63040
10
0
1
1
0
17
63300
10
0
1
1
0
19
61790
520
0
1
1
0
21
62050
90
0
1
1
0
17
61170
560
0
1
1
0
17
60870
10
0
1
1
0
17
60740
550
0
1
1
0
17
60300
10
0
1
1
0
17
60530
90
0
1
1
0
17
60210
550
0
1
1
0
17
59990
0
0
1
1
0
17
59730
90
0
1
1
0
17
59580
550
0
1
1
0
17
59290
90
0
1
1
0
17
59510
10
0
1
1
0
17
59070
10
0
1
1
0
17
59250
560
0
1
1
0
17
58790
110
0
1
1
0
17
58790
560
0
1
1
0
17
58240
560
0
1
1
0
17
58390
10
0
1
1
0
17
57910
560
0
1
1
0
23
57590
180
0
1
1
0
24
57730
420
0
1
1
0
36
58170
230
0
1
1
0
38
58530
390
0
1
1
0
40
59050
240
0
1
1
0
44
59650
400
0
1
1
0
23
60080
230
0
1
1
0
24
60470
400
0
1
1
0
36
60880
200
0
1
1
0
42
61040
350
0
1
1
0
24
61450
240
0
1
1
0
22
61700
380
0
1
1
0
24
62080
240
0
1
1
0
16
61360
500
0
0.80
0.60
0
14
60720
150
0
1
1
0
28
60020
460
0
1
1
0
28
58930
310
0
1
1
0
15
56980
300
0
1
1
0
11
57920
480
0
1
1
0
20
57840
110
0
1
1
0
16
58560
70
0
0.70
0.50
0
18
58650
110
0
1
1
0
20
58390
520
0
1
1
0
19
58890
530
0
1
1
0
11
59400
90
0
1
1
0
20
59740
530
0
1
1
0
19
59880
60
0
1
1
0
11
60320
100
0
1
1
0
21
60400
510
0
1
1
0
11
60920
510
0
1
1
0
20
61170
100
0
1
1
0
18
61460
490
0
1
1
0
20
61680
80
0
1
1
101
0
Level 1
2
1
0
0
5
-64000
1
1
-1
0
400
15
0
63194
600
190
310
1
Level 2
2
1
0
0
0
-64000
-1
0
-1
0
400
0
0
51606
600
100
300
2
Level 2
0
-1
0
0
0
-64000
-1
1
-1
0
200
0
0
64000
600
100
300
3
Level 3
0
-1
0
0
0
-64000
-1
1
-1
0
200
0
0
64000
600
100
300
4
Level 4
0
-1
0
0
0
-64000
-1
1
-1
0
200
0
0
64000
600
100
300
5
Level 5
0
-1
0
0
0
-64000
-1
1
-1
0
200
0
0
64000
600
100
300
6
Level 6
0
-1
0
0
0
-64000
-1
1
-1
0
200
0
0
64000
600
100
300
7
Level 7
0
-1
0
0
0
-64000
-1
1
-1
0
200
0
0
64000
600
100
300
8
Level 8
0
-1
0
0
0
-64000
-1
1
-1
0
200
0
0
64000
600
100
300
9
Level 9
0
-1
0
0
0
-64000
-1
1
-1
0
200
0
0
64000
600
100
300
10
Level 10
0
-1
0
0
0
-64000
-1
1
-1
0
200
0
0
64000
600
100
300
11
Level 11
0
-1
0
0
0
-64000
-1
1
-1
0
200
0
0
64000
600
100
300
12
Level 12
0
-1
0
0
0
-64000
-1
1
-1
0
200
0
0
64000
600
100
300
13
Level 13
0
-1
0
0
0
-64000
-1
1
-1
0
200
0
0
64000
600
100
300
14
Level 14
0
-1
0
0
0
-64000
-1
1
-1
0
200
0
0
64000
600
100
300
15
Level 15
0
-1
0
0
0
-64000
-1
1
-1
0
200
0
0
64000
600
100
300
16
Level 16
0
-1
0
0
0
-64000
-1
1
-1
0
200
0
0
64000
600
100
300
17
Level 17
0
-1
0
0
0
-64000
-1
1
-1
0
200
0
0
64000
600
100
300
18
Level 18
0
-1
0
0
0
-64000
-1
1
-1
0
200
0
0
64000
600
100
300
19
Level 19
0
-1
0
0
0
-64000
-1
1
-1
0
200
0
0
64000
600
100
300
20
Level 20
0
-1
0
0
0
-64000
-1
1
-1
0
200
0
0
64000
600
100
300
21
Level 21
0
-1
0
0
0
-64000
-1
1
-1
0
200
0
0
64000
600
100
300
22
Level 22
0
-1
0
0
0
-64000
-1
1
-1
0
200
0
0
64000
600
100
300
23
Level 23
0
-1
0
0
0
-64000
-1
1
-1
0
200
0
0
64000
600
100
300
24
Level 24
0
-1
0
0
0
-64000
-1
1
-1
0
200
0
0
64000
600
100
300
25
Level 25
0
-1
0
0
0
-64000
-1
1
-1
0
200
0
0
64000
600
100
300
26
Level 26
0
-1
0
0
0
-64000
-1
1
-1
0
200
0
0
64000
600
100
300
27
Level 27
0
-1
0
0
0
-64000
-1
1
-1
0
200
0
0
64000
600
100
300
28
Level 28
0
-1
0
0
0
-64000
-1
1
-1
0
200
0
0
64000
600
100
300
29
Level 29
0
-1
0
0
0
-64000
-1
1
-1
0
200
0
0
64000
600
100
300
30
Level 30
0
-1
0
0
0
-64000
-1
1
-1
0
200
0
0
64000
600
100
300
31
Level 31
0
-1
0
0
0
-64000
-1
1
-1
0
200
0
0
64000
600
100
300
32
Level 32
0
-1
0
0
0
-64000
-1
1
-1
0
200
0
0
64000
600
100
300
33
Level 33
0
-1
0
0
0
-64000
-1
1
-1
0
200
0
0
64000
600
100
300
34
Level 34
0
-1
0
0
0
-64000
-1
1
-1
0
200
0
0
64000
600
100
300
35
Level 35
0
-1
0
0
0
-64000
-1
1
-1
0
200
0
0
64000
600
100
300
36
Level 36
0
-1
0
0
0
-64000
-1
1
-1
0
200
0
0
64000
600
100
300
37
Level 37
0
-1
0
0
0
-64000
-1
1
-1
0
200
0
0
64000
600
100
300
38
Level 38
0
-1
0
0
0
-64000
-1
1
-1
0
200
0
0
64000
600
100
300
39
Level 39
0
-1
0
0
0
-64000
-1
1
-1
0
200
0
0
64000
600
100
300
40
Level 40
0
-1
0
0
0
-64000
-1
1
-1
0
200
0
0
64000
600
100
300
41
Level 41
0
-1
0
0
0
-64000
-1
1
-1
0
200
0
0
64000
600
100
300
42
Level 42
0
-1
0
0
0
-64000
-1
1
-1
0
200
0
0
64000
600
100
300
43
Level 43
0
-1
0
0
0
-64000
-1
1
-1
0
200
0
0
64000
600
100
300
44
Level 44
0
-1
0
0
0
-64000
-1
1
-1
0
200
0
0
64000
600
100
300
45
Level 45
0
-1
0
0
0
-64000
-1
1
-1
0
200
0
0
64000
600
100
300
46
Level 46
0
-1
0
0
0
-64000
-1
1
-1
0
200
0
0
64000
600
100
300
47
Level 47
0
-1
0
0
0
-64000
-1
1
-1
0
200
0
0
64000
600
100
300
48
Level 48
0
-1
0
0
0
-64000
-1
1
-1
0
200
0
0
64000
600
100
300
49
Level 49
0
-1
0
0
0
-64000
-1
1
-1
0
200
0
0
64000
600
100
300
50
Level 50
0
-1
0
0
0
-64000
-1
1
-1
0
200
0
0
64000
600
100
300
51
Level 51
0
-1
0
0
0
-64000
-1
1
-1
0
200
0
0
64000
600
100
300
52
Level 52
0
-1
0
0
0
-64000
-1
1
-1
0
200
0
0
64000
600
100
300
53
Level 53
0
-1
0
0
0
-64000
-1
1
-1
0
200
0
0
64000
600
100
300
54
Level 54
0
-1
0
0
0
-64000
-1
1
-1
0
200
0
0
64000
600
100
300
55
Level 55
0
-1
0
0
0
-64000
-1
1
-1
0
200
0
0
64000
600
100
300
56
Level 56
0
-1
0
0
0
-64000
-1
1
-1
0
200
0
0
64000
600
100
300
57
Level 57
0
-1
0
0
0
-64000
-1
1
-1
0
200
0
0
64000
600
100
300
58
Level 58
0
-1
0
0
0
-64000
-1
1
-1
0
200
0
0
64000
600
100
300
59
Level 59
0
-1
0
0
0
-64000
-1
1
-1
0
200
0
0
64000
600
100
300
60
Level 60
0
-1
0
0
0
-64000
-1
1
-1
0
200
0
0
64000
600
100
300
61
Level 61
0
-1
0
0
0
-64000
-1
1
-1
0
200
0
0
64000
600
100
300
62
Level 62
0
-1
0
0
0
-64000
-1
1
-1
0
200
0
0
64000
600
100
300
63
Level 63
0
-1
0
0
0
-64000
-1
1
-1
0
200
0
0
64000
600
100
300
64
Level 64
0
-1
0
0
0
-64000
-1
1
-1
0
200
0
0
64000
600
100
300
65
Level 65
0
-1
0
0
0
-64000
-1
1
-1
0
200
0
0
64000
600
100
300
66
Level 66
0
-1
0
0
0
-64000
-1
1
-1
0
200
0
0
64000
600
100
300
67
Level 67
0
-1
0
0
0
-64000
-1
1
-1
0
200
0
0
64000
600
100
300
68
Level 68
0
-1
0
0
0
-64000
-1
1
-1
0
200
0
0
64000
600
100
300
69
Level 69
0
-1
0
0
0
-64000
-1
1
-1
0
200
0
0
64000
600
100
300
70
Level 70
0
-1
0
0
0
-64000
-1
1
-1
0
200
0
0
64000
600
100
300
71
Level 71
0
-1
0
0
0
-64000
-1
1
-1
0
200
0
0
64000
600
100
300
72
Level 72
0
-1
0
0
0
-64000
-1
1
-1
0
200
0
0
64000
600
100
300
73
Level 73
0
-1
0
0
0
-64000
-1
1
-1
0
200
0
0
64000
600
100
300
74
Level 74
0
-1
0
0
0
-64000
-1
1
-1
0
200
0
0
64000
600
100
300
75
Level 75
0
-1
0
0
0
-64000
-1
1
-1
0
200
0
0
64000
600
100
300
76
Level 76
0
-1
0
0
0
-64000
-1
1
-1
0
200
0
0
64000
600
100
300
77
Level 77
0
-1
0
0
0
-64000
-1
1
-1
0
200
0
0
64000
600
100
300
78
Level 78
0
-1
0
0
0
-64000
-1
1
-1
0
200
0
0
64000
600
100
300
79
Level 79
0
-1
0
0
0
-64000
-1
1
-1
0
200
0
0
64000
600
100
300
80
Level 80
0
-1
0
0
0
-64000
-1
1
-1
0
200
0
0
64000
600
100
300
81
Level 81
0
-1
0
0
0
-64000
-1
1
-1
0
200
0
0
64000
600
100
300
82
Level 82
0
-1
0
0
0
-64000
-1
1
-1
0
200
0
0
64000
600
100
300
83
Level 83
0
-1
0
0
0
-64000
-1
1
-1
0
200
0
0
64000
600
100
300
84
Level 84
0
-1
0
0
0
-64000
-1
1
-1
0
200
0
0
64000
600
100
300
85
Level 85
0
-1
0
0
0
-64000
-1
1
-1
0
200
0
0
64000
600
100
300
86
Level 86
0
-1
0
0
0
-64000
-1
1
-1
0
200
0
0
64000
600
100
300
87
Level 87
0
-1
0
0
0
-64000
-1
1
-1
0
200
0
0
64000
600
100
300
88
Level 88
0
-1
0
0
0
-64000
-1
1
-1
0
200
0
0
64000
600
100
300
89
Level 89
0
-1
0
0
0
-64000
-1
1
-1
0
200
0
0
64000
600
100
300
90
Level 90
0
-1
0
0
0
-64000
-1
1
-1
0
200
0
0
64000
600
100
300
91
Level 91
0
-1
0
0
0
-64000
-1
1
-1
0
200
0
0
64000
600
100
300
92
Level 92
0
-1
0
0
0
-64000
-1
1
-1
0
200
0
0
64000
600
100
300
93
Level 93
0
-1
0
0
0
-64000
-1
1
-1
0
200
0
0
64000
600
100
300
94
Level 94
0
-1
0
0
0
-64000
-1
1
-1
0
200
0
0
64000
600
100
300
95
Level 95
0
-1
0
0
0
-64000
-1
1
-1
0
200
0
0
64000
600
100
300
96
Level 96
0
-1
0
0
0
-64000
-1
1
-1
0
200
0
0
64000
600
100
300
97
Level 97
0
-1
0
0
0
-64000
-1
1
-1
0
200
0
0
64000
600
100
300
98
Level 98
0
-1
0
0
0
-64000
-1
1
-1
0
200
0
0
64000
600
100
300
99
Level 99
0
-1
0
0
0
-64000
-1
1
-1
0
200
0
0
64000
600
100
300
100
Level 100
0
-1
0
0
0
-64000
-1
1
-1
0
200
0
0
64000
600
100
300
1
Arial Black
25
1
0
10485760
0.85
0
12
10
550
1
153
563
100
25
0
255
0.90
0
-1
40
720
1
Arial Black
25
1
0
10485760
1
190
550
0
12
0
0
1
Arial Black
25
1
0
10485760
1
750
550
0
1
36
3
31
0
29
2
28
3
Eu vou para a EPM! Vem comigo.
17
0
1
0
57
1
30
Arial Black
20
1
0
8388608
1
9843456
16777215
52479
0
1
188
210
445
48
0
0
0
160
40
0
0
0
160
40
1
487
443
305
36
1
488
479
304
36
1
489
406
303
37
32
1
491
369
299
37
34
0
0
0
160
40
-1
0
0
0
160
40
-1
0
0
0
160
40
-1
65
0
-1
0
0
1
-1
0
0
2
-1
0
0
3
-1
0
0
4
-1
0
0
5
-1
0
0
6
-1
0
0
7
-1
0
0
8
-1
0
0
9
-1
0
0
10
-1
0
0
11
-1
0
0
12
-1
0
0
13
-1
0
0
14
-1
0
0
15
-1
0
0
16
-1
0
0
17
-1
0
0
18
-1
0
0
19
-1
0
0
20
-1
0
0
21
-1
0
0
22
-1
0
0
23
-1
0
0
24
-1
0
0
25
-1
0
0
26
-1
0
0
27
-1
0
0
28
-1
0
0
29
-1
0
0
30
-1
0
0
31
-1
0
0
32
-1
0
0
33
-1
0
0
34
-1
0
0
35
-1
0
0
36
-1
0
0
37
-1
0
0
38
-1
0
0
39
-1
0
0
40
-1
0
0
41
-1
0
0
42
-1
0
0
43
-1
0
0
44
-1
0
0
45
-1
0
0
46
-1
0
0
47
-1
0
0
48
-1
0
0
49
-1
0
0
50
-1
0
0
51
-1
0
0
52
-1
0
0
53
-1
0
0
54
-1
0
0
55
-1
0
0
56
-1
0
0
57
-1
0
0
58
-1
0
0
59
-1
0
0
60
-1
0
0
61
-1
0
0
62
-1
0
0
63
-1
0
0
64
-1
0
0
ADA
